1e+12,1,2.00006e-08,2.00006e-08
9.84011e+11,1,2.05043e-08,2.05043e-08
9.68278e+11,1,2.10176e-08,2.10176e-08
9.52796e+11,1,2.15403e-08,2.15403e-08
9.37562e+11,1,2.20726e-08,2.20726e-08
9.22571e+11,1,2.26144e-08,2.26144e-08
9.07821e+11,1,2.31657e-08,2.31657e-08
8.93305e+11,1,2.37263e-08,2.37263e-08
8.79023e+11,1,2.42963e-08,2.42963e-08
8.64968e+11,1,2.48756e-08,2.48756e-08
8.51138e+11,1,2.5464e-08,2.5464e-08
8.37529e+11,1,2.60614e-08,2.60614e-08
8.24138e+11,1,2.66677e-08,2.66677e-08
8.10961e+11,1,2.72827e-08,2.72827e-08
7.97995e+11,1,2.79062e-08,2.79062e-08
7.85236e+11,1,2.8538e-08,2.8538e-08
7.72681e+11,1,2.91778e-08,2.91778e-08
7.60326e+11,1,2.98254e-08,2.98254e-08
7.4817e+11,1,3.04805e-08,3.04805e-08
7.36207e+11,1,3.11428e-08,3.11428e-08
7.24436e+11,1,3.18118e-08,3.18118e-08
7.12853e+11,1,3.24872e-08,3.24872e-08
7.01455e+11,1,3.31686e-08,3.31686e-08
6.9024e+11,1,3.38555e-08,3.38555e-08
6.79204e+11,1,3.45473e-08,3.45473e-08
6.68344e+11,1,3.52436e-08,3.52436e-08
6.57658e+11,1,3.59437e-08,3.59437e-08
6.47143e+11,1,3.6647e-08,3.6647e-08
6.36796e+11,1,3.73528e-08,3.73528e-08
6.26614e+11,1,3.80605e-08,3.80605e-08
6.16595e+11,1,3.87691e-08,3.87691e-08
6.06736e+11,1,3.94779e-08,3.94779e-08
5.97035e+11,1,4.0186e-08,4.0186e-08
5.87489e+11,1,4.08925e-08,4.08925e-08
5.78096e+11,1,4.15963e-08,4.15963e-08
5.68853e+11,1,4.22965e-08,4.22965e-08
5.59758e+11,1,4.29917e-08,4.29917e-08
5.50808e+11,1,4.3681e-08,4.3681e-08
5.42001e+11,1,4.4363e-08,4.4363e-08
5.33335e+11,1,4.50365e-08,4.50365e-08
5.24807e+11,1,4.56999e-08,4.56999e-08
5.16416e+11,1,4.6352e-08,4.6352e-08
5.08159e+11,1,4.69911e-08,4.69911e-08
5.00035e+11,1,4.76156e-08,4.76156e-08
4.9204e+11,1,4.82238e-08,4.82238e-08
4.84172e+11,1,4.88141e-08,4.88141e-08
4.76431e+11,1,4.93846e-08,4.93846e-08
4.68813e+11,1,4.99333e-08,4.99333e-08
4.61318e+11,1,5.04583e-08,5.04583e-08
4.53942e+11,1,5.09575e-08,5.09575e-08
4.46684e+11,1,5.14288e-08,5.14288e-08
4.39542e+11,1,5.187e-08,5.187e-08
4.32514e+11,1,5.22787e-08,5.22787e-08
4.25598e+11,1,5.26526e-08,5.26526e-08
4.18794e+11,1,5.29893e-08,5.29893e-08
4.12098e+11,1,5.32862e-08,5.32862e-08
4.05509e+11,1,5.35408e-08,5.35408e-08
3.99025e+11,1,5.37504e-08,5.37504e-08
3.92645e+11,1,5.39124e-08,5.39124e-08
3.86367e+11,1,5.4024e-08,5.4024e-08
3.80189e+11,1,5.40825e-08,5.40825e-08
3.74111e+11,1,5.4085e-08,5.4085e-08
3.68129e+11,1,5.40288e-08,5.40288e-08
3.62243e+11,1,5.39109e-08,5.39109e-08
3.56451e+11,1,5.37285e-08,5.37285e-08
3.50752e+11,1,5.34787e-08,5.34787e-08
3.45144e+11,1,5.31589e-08,5.31589e-08
3.39625e+11,1,5.27662e-08,5.27662e-08
3.34195e+11,1,5.2298e-08,5.2298e-08
3.28852e+11,1,5.17516e-08,5.17516e-08
3.23594e+11,1,5.11247e-08,5.11247e-08
3.1842e+11,1,5.04148e-08,5.04148e-08
3.13329e+11,1,4.96198e-08,4.96198e-08
3.08319e+11,1,4.87379e-08,4.87379e-08
3.03389e+11,1,4.77673e-08,4.77673e-08
2.98538e+11,1,4.67067e-08,4.67067e-08
2.93765e+11,1,4.5555e-08,4.5555e-08
2.89068e+11,1,4.43115e-08,4.43115e-08
2.84446e+11,1,4.29762e-08,4.29762e-08
2.79898e+11,1,4.15493e-08,4.15493e-08
2.75423e+11,1,4.00318e-08,4.00318e-08
2.71019e+11,1,3.84252e-08,3.84252e-08
2.66686e+11,1,3.67318e-08,3.67318e-08
2.62422e+11,1,3.49549e-08,3.49549e-08
2.58226e+11,1,3.30986e-08,3.30986e-08
2.54097e+11,1,3.11679e-08,3.11679e-08
2.50035e+11,1,2.91692e-08,2.91692e-08
2.46037e+11,1,2.71102e-08,2.71102e-08
2.42103e+11,1,2.5e-08,2.5e-08
2.38232e+11,1,2.2849e-08,2.2849e-08
2.34423e+11,1,2.06699e-08,2.06699e-08
2.30675e+11,1,1.84769e-08,1.84769e-08
2.26986e+11,1,1.62866e-08,1.62866e-08
2.23357e+11,1,1.41179e-08,1.41179e-08
2.19786e+11,1,1.19922e-08,1.19922e-08
2.16272e+11,1,9.93392e-09,9.93392e-09
2.12814e+11,1,7.9705e-09,7.9705e-09
2.09411e+11,1,6.13288e-09,6.13288e-09
2.06063e+11,1,4.45571e-09,4.45571e-09
2.02768e+11,1,2.97779e-09,2.97779e-09
1.99526e+11,1,1.7424e-09,1.7424e-09
1.96336e+11,1,7.97751e-10,7.97751e-10
1.93197e+11,1,1.974e-10,1.974e-10
1.90108e+11,1,7.55236e-13,7.55236e-13
1.87068e+11,1,2.73596e-10,2.73596e-10
1.84077e+11,1,1.08864e-09,1.08864e-09
1.81134e+11,1,2.52614e-09,2.52614e-09
1.78238e+11,1,4.67459e-09,4.67459e-09
1.75388e+11,1,7.63136e-09,7.63136e-09
1.72584e+11,1,1.15036e-08,1.15036e-08
1.69824e+11,1,1.64088e-08,1.64088e-08
1.67109e+11,1,2.24761e-08,2.24761e-08
1.64437e+11,1,2.98468e-08,2.98468e-08
1.61808e+11,1,3.86758e-08,3.86758e-08
1.59221e+11,1,4.91324e-08,4.91324e-08
1.56675e+11,1,6.14016e-08,6.14016e-08
1.5417e+11,1,7.56858e-08,7.56858e-08
1.51705e+11,1,9.22052e-08,9.22052e-08
1.49279e+11,1,1.11201e-07,1.11201e-07
1.46893e+11,1,1.32934e-07,1.32934e-07
1.44544e+11,1,1.5769e-07,1.5769e-07
1.42233e+11,1,1.85779e-07,1.85779e-07
1.39959e+11,1,2.1754e-07,2.1754e-07
1.37721e+11,0.999999,2.53338e-07,2.53338e-07
1.35519e+11,0.999999,2.93572e-07,2.93572e-07
1.33352e+11,0.999999,3.38674e-07,3.38674e-07
1.3122e+11,0.999999,3.89114e-07,3.89114e-07
1.29122e+11,0.999999,4.45398e-07,4.45398e-07
1.27057e+11,0.999999,5.08079e-07,5.08079e-07
1.25026e+11,0.999999,5.77754e-07,5.77754e-07
1.23027e+11,0.999999,6.55067e-07,6.55067e-07
1.2106e+11,0.999999,7.40717e-07,7.40717e-07
1.19124e+11,0.999998,8.35462e-07,8.35462e-07
1.1722e+11,0.999998,9.40116e-07,9.40116e-07
1.15345e+11,0.999998,1.05556e-06,1.05556e-06
1.13501e+11,0.999998,1.18276e-06,1.18276e-06
1.11686e+11,0.999997,1.32272e-06,1.32272e-06
1.09901e+11,0.999997,1.47657e-06,1.47657e-06
1.08143e+11,0.999997,1.64551e-06,1.64551e-06
1.06414e+11,0.999996,1.83081e-06,1.83081e-06
1.04713e+11,0.999996,2.03387e-06,2.03387e-06
1.03039e+11,0.999995,2.2562e-06,2.2562e-06
1.01391e+11,0.999995,2.49939e-06,2.49939e-06
9.977e+10,0.999994,2.76519e-06,2.76519e-06
9.81748e+10,0.999994,3.05546e-06,3.05546e-06
9.66051e+10,0.999993,3.37221e-06,3.37221e-06
9.50605e+10,0.999993,3.71759e-06,3.71759e-06
9.35406e+10,0.999992,4.09392e-06,4.09392e-06
9.2045e+10,0.999991,4.50368e-06,4.50368e-06
9.05733e+10,0.99999,4.94955e-06,4.94955e-06
8.91251e+10,0.999989,5.43438e-06,5.43438e-06
8.77001e+10,0.999988,5.96125e-06,5.96125e-06
8.62979e+10,0.999987,6.53344e-06,6.53344e-06
8.4918e+10,0.999986,7.15448e-06,7.15448e-06
8.35603e+10,0.999984,7.82814e-06,7.82814e-06
8.22243e+10,0.999983,8.55847e-06,8.55847e-06
8.09096e+10,0.999981,9.34977e-06,9.34977e-06
7.96159e+10,0.99998,1.02067e-05,1.02067e-05
7.8343e+10,0.999978,1.11341e-05,1.11341e-05
7.70903e+10,0.999976,1.21374e-05,1.21374e-05
7.58578e+10,0.999974,1.3222e-05,1.3222e-05
7.46449e+10,0.999971,1.43942e-05,1.43942e-05
7.34514e+10,0.999969,1.56601e-05,1.56601e-05
7.2277e+10,0.999966,1.70267e-05,1.70267e-05
7.11214e+10,0.999963,1.85013e-05,1.85013e-05
6.99842e+10,0.99996,2.00914e-05,2.00914e-05
6.88652e+10,0.999956,2.18055e-05,2.18055e-05
6.77642e+10,0.999953,2.36521e-05,2.36521e-05
6.66807e+10,0.999949,2.56406e-05,2.56406e-05
6.56145e+10,0.999944,2.77809e-05,2.77809e-05
6.45654e+10,0.99994,3.00833e-05,3.00833e-05
6.35331e+10,0.999935,3.25589e-05,3.25589e-05
6.25173e+10,0.99993,3.52195e-05,3.52195e-05
6.15177e+10,0.999924,3.80774e-05,3.80774e-05
6.05341e+10,0.999918,4.11458e-05,4.11458e-05
5.95662e+10,0.999911,4.44383e-05,4.44383e-05
5.86138e+10,0.999904,4.79697e-05,4.79697e-05
5.76766e+10,0.999896,5.17553e-05,5.17553e-05
5.67545e+10,0.999888,5.58111e-05,5.58111e-05
5.5847e+10,0.99988,6.01543e-05,6.01543e-05
5.49541e+10,0.99987,6.48026e-05,6.48026e-05
5.40754e+10,0.99986,6.97748e-05,6.97748e-05
5.32108e+10,0.99985,7.50903e-05,7.50903e-05
5.236e+10,0.999838,8.07696e-05,8.07696e-05
5.15229e+10,0.999826,8.68341e-05,8.68341e-05
5.06991e+10,0.999813,9.3306e-05,9.3306e-05
4.98884e+10,0.9998,0.000100208,0.000100208
4.90908e+10,0.999785,0.000107565,0.000107565
4.83059e+10,0.999769,0.000115401,0.000115401
4.75335e+10,0.999753,0.000123742,0.000123742
4.67735e+10,0.999735,0.000132615,0.000132615
4.60257e+10,0.999716,0.000142045,0.000142045
4.52898e+10,0.999696,0.000152062,0.000152062
4.45656e+10,0.999675,0.000162694,0.000162694
4.38531e+10,0.999652,0.000173969,0.000173969
4.31519e+10,0.999628,0.000185916,0.000185916
4.2462e+10,0.999603,0.000198566,0.000198566
4.1783e+10,0.999576,0.000211946,0.000211946
4.1115e+10,0.999548,0.000226088,0.000226088
4.04576e+10,0.999518,0.000241019,0.000241019
3.98107e+10,0.999486,0.000256768,0.000256768
3.91742e+10,0.999453,0.000273363,0.000273363
3.85478e+10,0.999418,0.000290829,0.000290829
3.79315e+10,0.999382,0.000309193,0.000309193
3.7325e+10,0.999343,0.000328476,0.000328476
3.67282e+10,0.999303,0.000348699,0.000348699
3.6141e+10,0.99926,0.00036988,0.00036988
3.55631e+10,0.999216,0.000392034,0.000392034
3.49945e+10,0.99917,0.00041517,0.00041517
3.4435e+10,0.999121,0.000439295,0.000439295
3.38844e+10,0.999071,0.00046441,0.00046441
3.33426e+10,0.999019,0.00049051,0.00049051
3.28095e+10,0.998965,0.000517582,0.000517582
3.22849e+10,0.998909,0.000545606,0.000545606
3.17687e+10,0.998851,0.000574556,0.000574556
3.12608e+10,0.998791,0.000604392,0.000604392
3.0761e+10,0.99873,0.000635067,0.000635067
3.02691e+10,0.998667,0.000666522,0.000666522
2.97852e+10,0.998603,0.000698683,0.000698683
2.93089e+10,0.998537,0.000731465,0.000731465
2.88403e+10,0.99847,0.000764767,0.000764767
2.83792e+10,0.998403,0.000798471,0.000798471
2.79254e+10,0.998335,0.000832442,0.000832442
2.74789e+10,0.998267,0.000866528,0.000866528
2.70396e+10,0.998199,0.000900555,0.000900555
2.66073e+10,0.998131,0.000934332,0.000934332
2.61818e+10,0.998065,0.000967643,0.000967643
2.57632e+10,0.997999,0.00100025,0.00100025
2.53513e+10,0.997936,0.0010319,0.0010319
2.49459e+10,0.997875,0.0010623,0.0010623
2.45471e+10,0.997818,0.00109115,0.00109115
2.41546e+10,0.997764,0.00111813,0.00111813
2.37684e+10,0.997714,0.00114288,0.00114288
2.33884e+10,0.99767,0.00116503,0.00116503
2.30144e+10,0.997632,0.0011842,0.0011842
2.26464e+10,0.9976,0.00119997,0.00119997
2.22844e+10,0.997576,0.00121194,0.00121194
2.1928e+10,0.997561,0.00121968,0.00121968
2.15774e+10,0.997554,0.00122276,0.00122276
2.12324e+10,0.997558,0.00122076,0.00122076
2.0893e+10,0.997573,0.00121327,0.00121327
2.05589e+10,0.9976,0.00119989,0.00119989
2.02302e+10,0.997639,0.00118028,0.00118028
1.99067e+10,0.997692,0.00115413,0.00115413
1.95884e+10,0.997758,0.00112117,0.00112117
1.92752e+10,0.997838,0.00108124,0.00108124
1.89671e+10,0.997931,0.00103425,0.00103425
1.86638e+10,0.99804,0.000980241,0.000980241
1.83654e+10,0.998161,0.000919381,0.000919381
1.80717e+10,0.998296,0.000852004,0.000852004
1.77828e+10,0.998443,0.00077863,0.00077863
1.74985e+10,0.9986,0.000699996,0.000699996
1.72187e+10,0.998766,0.000617088,0.000617088
1.69434e+10,0.998938,0.000531164,0.000531164
1.66725e+10,0.999112,0.000443793,0.000443793
1.64059e+10,0.999286,0.000356882,0.000356882
1.61436e+10,0.999455,0.000272709,0.000272709
1.58855e+10,0.999612,0.000193949,0.000193949
1.56315e+10,0.999753,0.000123703,0.000123703
1.53815e+10,0.999869,6.5516e-05,6.5516e-05
1.51356e+10,0.999953,2.33929e-05,2.33929e-05
1.48936e+10,0.999996,1.80728e-06,1.80728e-06
1.46555e+10,0.999989,5.69682e-06,5.69682e-06
1.44212e+10,0.999919,4.04484e-05,4.04484e-05
1.41906e+10,0.999776,0.000111868,0.000111868
1.39637e+10,0.999548,0.00022613,0.00022613
1.37404e+10,0.999221,0.000389712,0.000389712
1.35207e+10,0.998781,0.000609297,0.000609297
1.33045e+10,0.998217,0.000891657,0.000891657
1.30918e+10,0.997513,0.0012435,0.0012435
1.28825e+10,0.996657,0.00167129,0.00167129
1.26765e+10,0.995638,0.00218104,0.00218104
1.24738e+10,0.994444,0.00277802,0.00277802
1.22744e+10,0.993067,0.00346652,0.00346652
1.20781e+10,0.991501,0.00424951,0.00424951
1.1885e+10,0.989743,0.00512827,0.00512827
1.1695e+10,0.987796,0.00610199,0.00610199
1.1508e+10,0.985665,0.00716742,0.00716742
1.1324e+10,0.983363,0.00831842,0.00831842
1.11429e+10,0.980909,0.00954555,0.00954555
1.09648e+10,0.978329,0.0108357,0.0108357
1.07895e+10,0.975657,0.0121717,0.0121717
1.0617e+10,0.972936,0.0135322,0.0135322
1.04472e+10,0.970218,0.0148912,0.0148912
1.02802e+10,0.967563,0.0162185,0.0162185
1.01158e+10,0.965042,0.0174792,0.0174792
9.95405e+09,0.96273,0.0186348,0.0186348
9.7949e+09,0.960713,0.0196433,0.0196433
9.63829e+09,0.959079,0.0204605,0.0204605
9.48418e+09,0.957917,0.0210413,0.0210413
9.33254e+09,0.957317,0.0213413,0.0213413
9.18333e+09,0.957362,0.0213192,0.0213192
9.03649e+09,0.958121,0.0209395,0.0209395
8.89201e+09,0.959648,0.0201758,0.0201758
8.74984e+09,0.961972,0.0190141,0.0190141
8.60994e+09,0.965085,0.0174573,0.0174573
8.47227e+09,0.968941,0.0155293,0.0155293
8.33681e+09,0.97344,0.0132802,0.0132802
8.20352e+09,0.978419,0.0107903,0.0107903
8.07235e+09,0.98365,0.00817497,0.00817497
7.94328e+09,0.988823,0.00558868,0.00558868
7.81628e+09,0.993544,0.0032281,0.0032281
7.6913e+09,0.997332,0.00133395,0.00133395
7.56833e+09,0.999617,0.000191275,0.000191275
7.44732e+09,0.999745,0.000127382,0.000127382
7.32825e+09,0.996986,0.00150712,0.00150712
7.21107e+09,0.99055,0.00472493,0.00472493
7.09578e+09,0.979613,0.0101933,0.0101933
6.98232e+09,0.963345,0.0183274,0.0183274
6.87068e+09,0.94095,0.0295252,0.0295252
6.76083e+09,0.911711,0.0441443,0.0441443
6.65273e+09,0.875051,0.0624744,0.0624744
6.54636e+09,0.830584,0.0847078,0.0847078
6.44169e+09,0.778186,0.110907,0.110907
6.3387e+09,0.718053,0.140974,0.140974
6.23735e+09,0.650763,0.174618,0.174618
6.13762e+09,0.577327,0.211336,0.211336
6.03949e+09,0.499222,0.250389,0.250389
5.94292e+09,0.418404,0.290798,0.290798
5.8479e+09,0.337297,0.331351,0.331351
5.7544e+09,0.258743,0.370629,0.370629
5.66239e+09,0.185915,0.407043,0.407043
5.57186e+09,0.122192,0.438904,0.438904
5.48277e+09,0.0709908,0.464505,0.464505
5.39511e+09,0.0355599,0.48222,0.48222
5.30884e+09,0.0187452,0.490627,0.490627
5.22396e+09,0.0227407,0.48863,0.48863
5.14044e+09,0.0488396,0.47558,0.47558
5.05825e+09,0.0972108,0.451395,0.451395
4.97737e+09,0.166724,0.416638,0.416638
4.89779e+09,0.254854,0.372573,0.372573
4.81948e+09,0.357684,0.321158,0.321158
4.74242e+09,0.470036,0.264982,0.264982
4.66659e+09,0.585735,0.207132,0.207132
4.59198e+09,0.69801,0.150995,0.150995
4.51856e+09,0.800011,0.0999943,0.0999943
4.44631e+09,0.885423,0.0572885,0.0572885
4.37522e+09,0.949096,0.0254518,0.0254518
4.30527e+09,0.987658,0.00617124,0.00617124
4.23643e+09,0.999995,2.6271e-06,2.6271e-06
4.16869e+09,0.987551,0.00622428,0.00622428
4.10204e+09,0.954349,0.0228253,0.0228253
4.03645e+09,0.906694,0.0466529,0.0466529
3.97192e+09,0.852551,0.0737244,0.0737244
3.90841e+09,0.800626,0.0996872,0.0996872
3.84592e+09,0.759239,0.12038,0.12038
3.78443e+09,0.735142,0.132429,0.132429
3.72392e+09,0.73244,0.13378,0.13378
3.66438e+09,0.751836,0.124082,0.124082
3.60579e+09,0.790357,0.104822,0.104822
3.54813e+09,0.84169,0.0791549,0.0791549
3.4914e+09,0.897156,0.0514222,0.0514222
3.43558e+09,0.947206,0.0263971,0.0263971
3.38065e+09,0.983239,0.00838045,0.00838045
3.3266e+09,0.999382,0.000309223,0.000309223
3.27341e+09,0.993853,0.00307344,0.00307344
3.22107e+09,0.969552,0.015224,0.015224
3.16957e+09,0.933618,0.0331911,0.0331911
3.11889e+09,0.895942,0.0520288,0.0520288
3.06902e+09,0.866866,0.0665671,0.0665671
3.01995e+09,0.85455,0.0727252,0.0727252
2.97167e+09,0.8627,0.06865,0.06865
2.92415e+09,0.889323,0.0553385,0.0553385
2.8774e+09,0.927014,0.0364928,0.0364928
2.83139e+09,0.964894,0.017553,0.017553
2.78612e+09,0.991797,0.0041017,0.0041017
2.74157e+09,0.999845,7.72727e-05,7.72727e-05
2.69774e+09,0.987259,0.00637071,0.00637071
2.65461e+09,0.959307,0.0203465,0.0203465
2.61216e+09,0.926836,0.0365821,0.0365821
2.5704e+09,0.902577,0.0487115,0.0487115
2.5293e+09,0.896388,0.051806,0.051806
2.48886e+09,0.911174,0.0444131,0.0444131
2.44906e+09,0.941277,0.0293613,0.0293613
2.40991e+09,0.974354,0.0128228,0.0128228
2.37137e+09,0.996373,0.00181331,0.00181331
2.33346e+09,0.997878,0.00106114,0.00106114
2.29615e+09,0.978716,0.0106419,0.0106419
2.25944e+09,0.948722,0.0256388,0.0256388
2.22331e+09,0.923447,0.0382766,0.0382766
2.18776e+09,0.91649,0.0417552,0.0417552
2.15278e+09,0.932099,0.0339507,0.0339507
2.11836e+09,0.962191,0.0189047,0.0189047
2.08449e+09,0.990119,0.00494058,0.00494058
2.05116e+09,0.999886,5.71033e-05,5.71033e-05
2.01837e+09,0.985917,0.00704172,0.00704172
1.98609e+09,0.957291,0.0213545,0.0213545
1.95434e+09,0.9329,0.0335498,0.0335498
1.92309e+09,0.929519,0.0352406,0.0352406
1.89234e+09,0.950083,0.0249586,0.0249586
1.86209e+09,0.980604,0.00969811,0.00969811
1.83231e+09,0.999212,0.000394243,0.000394243
1.80302e+09,0.992139,0.00393046,0.00393046
1.77419e+09,0.965068,0.0174662,0.0174662
1.74582e+09,0.939982,0.0300089,0.0300089
1.71791e+09,0.938125,0.0309376,0.0309376
1.69044e+09,0.961759,0.0191205,0.0191205
1.66341e+09,0.990767,0.00461652,0.00461652
1.63682e+09,0.999275,0.000362398,0.000362398
1.61065e+09,0.979469,0.0102654,0.0102654
1.58489e+09,0.950486,0.0247572,0.0247572
1.55955e+09,0.941393,0.0293033,0.0293033
1.53462e+09,0.962155,0.0189223,0.0189223
1.51008e+09,0.991687,0.00415658,0.00415658
1.48594e+09,0.99845,0.000775186,0.000775186
1.46218e+09,0.974961,0.0125194,0.0125194
1.4388e+09,0.948209,0.0258957,0.0258957
1.41579e+09,0.950213,0.0248936,0.0248936
1.39316e+09,0.979322,0.0103391,0.0103391
1.37088e+09,0.999792,0.000103881,0.000103881
1.34896e+09,0.985465,0.00726755,0.00726755
1.32739e+09,0.955247,0.0223767,0.0223767
1.30617e+09,0.950556,0.024722,0.024722
1.28529e+09,0.978717,0.0106413,0.0106413
1.26474e+09,0.9999,4.99242e-05,4.99242e-05
1.24451e+09,0.982935,0.00853253,0.00853253
1.22462e+09,0.95356,0.0232198,0.0232198
1.20504e+09,0.958046,0.0209769,0.0209769
1.18577e+09,0.989986,0.0050071,0.0050071
1.16681e+09,0.997239,0.00138067,0.00138067
1.14815e+09,0.967529,0.0162353,0.0162353
1.1298e+09,0.952633,0.0236833,0.0236833
1.11173e+09,0.979794,0.0101031,0.0101031
1.09396e+09,0.999902,4.8965e-05,4.8965e-05
1.07647e+09,0.975286,0.0123569,0.0123569
1.05925e+09,0.953506,0.0232468,0.0232468
1.04232e+09,0.978219,0.0108907,0.0108907
1.02565e+09,0.999895,5.24267e-05,5.24267e-05
1.00925e+09,0.973609,0.0131955,0.0131955
9.93116e+08,0.955576,0.0222118,0.0222118
9.77237e+08,0.985757,0.0071217,0.0071217
9.61612e+08,0.997058,0.00147108,0.00147108
9.46237e+08,0.96374,0.01813,0.01813
9.31108e+08,0.964361,0.0178196,0.0178196
9.1622e+08,0.997918,0.00104111,0.00104111
9.01571e+08,0.982185,0.00890763,0.00890763
8.87156e+08,0.957062,0.0214692,0.0214692
8.72971e+08,0.987595,0.00620228,0.00620228
8.59014e+08,0.993755,0.0031226,0.0031226
8.45279e+08,0.959382,0.0203092,0.0203092
8.31764e+08,0.979287,0.0103567,0.0103567
8.18465e+08,0.997804,0.00109823,0.00109823
8.05378e+08,0.962391,0.0188045,0.0188045
7.92501e+08,0.976987,0.0115064,0.0115064
7.7983e+08,0.998091,0.000954417,0.000954417
7.67361e+08,0.962162,0.0189188,0.0189188
7.55092e+08,0.980946,0.00952691,0.00952691
7.43019e+08,0.995026,0.00248704,0.00248704
7.31139e+08,0.960004,0.019998,0.019998
7.19449e+08,0.990618,0.00469105,0.00469105
7.07946e+08,0.984934,0.00753287,0.00753287
6.96627e+08,0.963285,0.0183575,0.0183575
6.85488e+08,0.999693,0.00015368,0.00015368
6.74528e+08,0.96764,0.0161801,0.0161801
6.63743e+08,0.981415,0.00929265,0.00929265
6.53131e+08,0.990884,0.00455824,0.00455824
6.42688e+08,0.963043,0.0184783,0.0184783
6.32412e+08,0.999923,3.83754e-05,3.83754e-05
6.223e+08,0.964624,0.0176879,0.0176879
6.1235e+08,0.9909,0.00454979,0.00454979
6.0256e+08,0.978,0.0109999,0.0109999
5.92925e+08,0.977208,0.0113958,0.0113958
5.83445e+08,0.990309,0.00484566,0.00484566
5.74116e+08,0.967978,0.0160108,0.0160108
5.64937e+08,0.996911,0.00154469,0.00154469
5.55904e+08,0.964142,0.0179291,0.0179291
5.47016e+08,0.999207,0.000396302,0.000396302
5.3827e+08,0.963291,0.0183546,0.0183546
5.29663e+08,0.999631,0.000184532,0.000184532
5.21195e+08,0.963579,0.0182107,0.0182107
5.12861e+08,0.999122,0.00043907,0.00043907
5.04661e+08,0.965116,0.0174418,0.0174418
4.96592e+08,0.996492,0.00175411,0.00175411
4.88652e+08,0.970057,0.0149713,0.0149713
4.80839e+08,0.988991,0.00550455,0.00550455
4.73151e+08,0.980945,0.00952761,0.00952761
4.65586e+08,0.975683,0.0121583,0.0121583
4.58142e+08,0.995179,0.00241075,0.00241075
4.50817e+08,0.964583,0.0177085,0.0177085
4.43609e+08,0.998859,0.000570424,0.000570424
4.36516e+08,0.972591,0.0137045,0.0137045
4.29536e+08,0.979749,0.0101257,0.0101257
4.22669e+08,0.996246,0.00187677,0.00187677
4.15911e+08,0.964882,0.0175588,0.0175588
4.09261e+08,0.990883,0.00455868,0.00455868
4.02717e+08,0.990192,0.0049042,0.0049042
3.96278e+08,0.964965,0.0175177,0.0175177
3.89942e+08,0.991748,0.00412611,0.00412611
3.83707e+08,0.992528,0.0037358,0.0037358
3.77572e+08,0.965814,0.017093,0.017093
3.71535e+08,0.982441,0.00877966,0.00877966
3.65595e+08,0.999717,0.000141439,0.000141439
3.59749e+08,0.977612,0.011194,0.011194
3.53997e+08,0.966486,0.0167569,0.0167569
3.48337e+08,0.988026,0.00598718,0.00598718
3.42768e+08,0.999658,0.000170806,0.000170806
3.37287e+08,0.982656,0.00867177,0.00867177
3.31894e+08,0.966343,0.0168285,0.0168285
3.26588e+08,0.973222,0.013389,0.013389
3.21366e+08,0.991651,0.00417433,0.00417433
3.16228e+08,0.999996,1.81324e-06,1.81324e-06
3.11172e+08,0.992313,0.00384348,0.00384348
3.06196e+08,0.977958,0.0110212,0.0110212
3.01301e+08,0.968004,0.015998,0.015998
2.96483e+08,0.966743,0.0166284,0.0166284
2.91743e+08,0.972153,0.0139237,0.0139237
2.87078e+08,0.980068,0.00996586,0.00996586
2.82488e+08,0.987293,0.00635366,0.00635366
2.77971e+08,0.992457,0.00377129,0.00377129
2.73527e+08,0.99553,0.00223504,0.00223504
2.69153e+08,0.997023,0.00148874,0.00148874
2.6485e+08,0.997416,0.00129183,0.00129183
2.60615e+08,0.99687,0.00156519,0.00156519
2.56448e+08,0.995131,0.00243458,0.00243458
2.52348e+08,0.991628,0.00418592,0.00418592
2.48313e+08,0.985828,0.0070861,0.0070861
2.44343e+08,0.978,0.0110001,0.0110001
2.40436e+08,0.970272,0.014864,0.014864
2.36592e+08,0.967061,0.0164695,0.0164695
2.32809e+08,0.973022,0.0134892,0.0134892
2.29087e+08,0.987454,0.00627302,0.00627302
2.25424e+08,0.99935,0.000325126,0.000325126
2.2182e+08,0.993975,0.00301251,0.00301251
2.18273e+08,0.974322,0.0128391,0.0128391
2.14783e+08,0.968911,0.0155445,0.0155445
2.11349e+08,0.990238,0.00488083,0.00488083
2.0797e+08,0.997943,0.00102862,0.00102862
2.04644e+08,0.972846,0.0135771,0.0135771
2.01372e+08,0.976149,0.0119255,0.0119255
1.98153e+08,1,2.3372e-08,2.3372e-08
1.94984e+08,0.974274,0.0128628,0.0128628
1.91867e+08,0.980832,0.00958385,0.00958385
1.88799e+08,0.996013,0.00199343,0.00199343
1.8578e+08,0.967957,0.0160213,0.0160213
1.8281e+08,0.9997,0.000150098,0.000150098
1.79887e+08,0.969202,0.015399,0.015399
1.77011e+08,0.997905,0.00104762,0.00104762
1.74181e+08,0.969416,0.0152919,0.0152919
1.71396e+08,0.999572,0.000213954,0.000213954
1.68655e+08,0.968046,0.0159771,0.0159771
1.65959e+08,0.99643,0.00178485,0.00178485
1.63305e+08,0.980888,0.0095559,0.0095559
1.60694e+08,0.974069,0.0129657,0.0129657
1.58125e+08,0.999873,6.33944e-05,6.33944e-05
1.55597e+08,0.980123,0.0099383,0.0099383
1.53109e+08,0.969627,0.0151864,0.0151864
1.50661e+08,0.991271,0.00436439,0.00436439
1.48252e+08,0.999212,0.000393965,0.000393965
1.45881e+08,0.984388,0.00780576,0.00780576
1.43549e+08,0.970438,0.014781,0.014781
1.41254e+08,0.969044,0.0154781,0.0154781
1.38995e+08,0.97553,0.012235,0.012235
1.36773e+08,0.982698,0.0086512,0.0086512
1.34586e+08,0.987201,0.00639933,0.00639933
1.32434e+08,0.988519,0.00574033,0.00574033
1.30317e+08,0.986709,0.00664573,0.00664573
1.28233e+08,0.981617,0.00919153,0.00919153
1.26183e+08,0.974057,0.0129713,0.0129713
1.24165e+08,0.968544,0.0157278,0.0157278
1.2218e+08,0.973623,0.0131887,0.0131887
1.20226e+08,0.991036,0.00448196,0.00448196
1.18304e+08,0.999381,0.000309604,0.000309604
1.16413e+08,0.978953,0.0105237,0.0105237
1.14551e+08,0.971608,0.0141961,0.0141961
1.1272e+08,0.998714,0.000643248,0.000643248
1.10917e+08,0.978776,0.0106118,0.0106118
1.09144e+08,0.981103,0.00944857,0.00944857
1.07399e+08,0.992129,0.00393543,0.00393543
1.05682e+08,0.975609,0.0121955,0.0121955
1.03992e+08,0.990451,0.00477433,0.00477433
1.02329e+08,0.985027,0.00748633,0.00748633
1.00693e+08,0.973653,0.0131736,0.0131736
9.90832e+07,0.99981,9.50492e-05,9.50492e-05
9.7499e+07,0.981737,0.00913148,0.00913148
9.59401e+07,0.96912,0.0154398,0.0154398
9.44061e+07,0.984195,0.00790237,0.00790237
9.28966e+07,0.997882,0.00105894,0.00105894
9.14113e+07,0.999554,0.00022293,0.00022293
8.99498e+07,0.996207,0.00189652,0.00189652
8.85116e+07,0.994264,0.00286795,0.00286795
8.70964e+07,0.99574,0.00212996,0.00212996
8.57038e+07,0.999209,0.000395259,0.000395259
8.43335e+07,0.998578,0.000711004,0.000711004
8.29851e+07,0.985545,0.00722736,0.00722736
8.16582e+07,0.969392,0.0153038,0.0153038
8.03526e+07,0.982962,0.00851895,0.00851895
7.90679e+07,0.998843,0.000578664,0.000578664
7.78037e+07,0.96994,0.01503,0.01503
7.65597e+07,0.995759,0.00212072,0.00212072
7.53356e+07,0.973771,0.0131145,0.0131145
7.4131e+07,0.998102,0.000949005,0.000949005
7.29458e+07,0.969239,0.0153807,0.0153807
7.17794e+07,0.990031,0.00498469,0.00498469
7.06318e+07,0.997929,0.00103569,0.00103569
6.95024e+07,0.979924,0.0100378,0.0100378
6.83912e+07,0.969786,0.0151071,0.0151071
6.72977e+07,0.969623,0.0151886,0.0151886
6.62217e+07,0.970544,0.0147279,0.0147279
6.51628e+07,0.969422,0.0152888,0.0152888
6.4121e+07,0.970617,0.0146914,0.0146914
6.30957e+07,0.983618,0.00819113,0.00819113
6.20869e+07,0.999846,7.68903e-05,7.68903e-05
6.10942e+07,0.98134,0.00932979,0.00932979
6.01174e+07,0.976303,0.0118487,0.0118487
5.91562e+07,0.996647,0.00167629,0.00167629
5.82103e+07,0.9738,0.0130998,0.0130998
5.72796e+07,0.987544,0.00622788,0.00622788
5.63638e+07,0.996275,0.00186257,0.00186257
5.54626e+07,0.974096,0.0129521,0.0129521
5.45758e+07,0.96996,0.0150202,0.0150202
5.37032e+07,0.975614,0.0121929,0.0121929
5.28445e+07,0.977392,0.0113038,0.0113038
5.19996e+07,0.972959,0.0135204,0.0135204
5.11682e+07,0.969518,0.0152412,0.0152412
5.03501e+07,0.984999,0.00750044,0.00750044
4.9545e+07,0.998788,0.000606092,0.000606092
4.87528e+07,0.969782,0.0151092,0.0151092
4.79733e+07,0.999052,0.00047417,0.00047417
4.72063e+07,0.969399,0.0153007,0.0153007
4.64515e+07,0.991166,0.00441717,0.00441717
4.57088e+07,0.998772,0.000613894,0.000613894
4.4978e+07,0.988011,0.00599427,0.00599427
4.42588e+07,0.982668,0.00866604,0.00866604
4.35512e+07,0.986582,0.00670895,0.00670895
4.28549e+07,0.997548,0.00122586,0.00122586
4.21697e+07,0.993894,0.00305317,0.00305317
4.14954e+07,0.969427,0.0152863,0.0152863
4.08319e+07,0.998557,0.00072154,0.00072154
4.01791e+07,0.969539,0.0152303,0.0152303
3.95367e+07,0.995024,0.0024882,0.0024882
3.89045e+07,0.996751,0.00162427,0.00162427
3.82825e+07,0.986284,0.00685801,0.00685801
3.76704e+07,0.984729,0.00763539,0.00763539
3.70681e+07,0.993497,0.00325133,0.00325133
3.64754e+07,0.998928,0.000536032,0.000536032
3.58922e+07,0.972966,0.0135168,0.0135168
3.53183e+07,0.992793,0.00360372,0.00360372
3.47536e+07,0.971914,0.0140431,0.0140431
3.41979e+07,0.997009,0.00149548,0.00149548
3.36512e+07,0.998075,0.000962745,0.000962745
3.31131e+07,0.994766,0.00261682,0.00261682
3.25837e+07,0.998861,0.0005696,0.0005696
3.20627e+07,0.994222,0.00288918,0.00288918
3.155e+07,0.969591,0.0152044,0.0152044
3.10456e+07,0.999417,0.000291647,0.000291647
3.05492e+07,0.970856,0.014572,0.014572
3.00608e+07,0.978335,0.0108326,0.0108326
2.95801e+07,0.988268,0.00586595,0.00586595
2.91072e+07,0.98463,0.00768504,0.00768504
2.86418e+07,0.970719,0.0146404,0.0146404
2.81838e+07,0.986771,0.00661426,0.00661426
2.77332e+07,0.984083,0.00795834,0.00795834
2.72898e+07,0.996945,0.00152774,0.00152774
2.68534e+07,0.979554,0.0102231,0.0102231
2.64241e+07,0.975859,0.0120707,0.0120707
2.60016e+07,0.986523,0.00673844,0.00673844
2.55859e+07,0.999238,0.000380852,0.000380852
2.51768e+07,0.969564,0.015218,0.015218
2.47742e+07,0.995938,0.00203077,0.00203077
2.43781e+07,0.997669,0.00116567,0.00116567
2.39883e+07,0.995729,0.00213532,0.00213532
2.36048e+07,0.999842,7.9185e-05,7.9185e-05
2.32274e+07,0.975908,0.0120462,0.0120462
2.2856e+07,0.994464,0.00276824,0.00276824
2.24905e+07,0.970561,0.0147193,0.0147193
2.21309e+07,0.970512,0.0147439,0.0147439
2.17771e+07,0.969792,0.0151041,0.0151041
2.14289e+07,0.989686,0.00515685,0.00515685
2.10863e+07,0.982102,0.00894881,0.00894881
2.07491e+07,0.999464,0.000268228,0.000268228
2.04174e+07,0.993167,0.00341665,0.00341665
2.00909e+07,0.998834,0.000583107,0.000583107
1.97697e+07,0.985337,0.0073315,0.0073315
1.94536e+07,0.986528,0.0067358,0.0067358
1.91426e+07,0.96967,0.0151651,0.0151651
1.88365e+07,0.969783,0.0151085,0.0151085
1.85353e+07,0.977614,0.0111932,0.0111932
1.8239e+07,0.997354,0.00132303,0.00132303
1.79473e+07,0.985193,0.00740343,0.00740343
1.76604e+07,0.975947,0.0120265,0.0120265
1.7378e+07,0.988532,0.00573377,0.00573377
1.71002e+07,0.991802,0.00409885,0.00409885
1.68267e+07,0.990295,0.00485236,0.00485236
1.65577e+07,0.979907,0.0100463,0.0100463
1.6293e+07,0.993302,0.003349,0.003349
1.60325e+07,0.984494,0.00775292,0.00775292
1.57761e+07,0.998535,0.000732703,0.000732703
1.55239e+07,0.995647,0.00217656,0.00217656
1.52757e+07,0.997186,0.00140715,0.00140715
1.50314e+07,0.972607,0.0136964,0.0136964
1.47911e+07,0.973341,0.0133293,0.0133293
1.45546e+07,0.970102,0.0149488,0.0149488
1.43219e+07,0.992282,0.0038588,0.0038588
1.40929e+07,0.969689,0.0151555,0.0151555
1.38676e+07,0.969956,0.0150222,0.0150222
1.36458e+07,0.984794,0.00760301,0.00760301
1.34276e+07,0.976576,0.011712,0.011712
1.3213e+07,0.984589,0.00770558,0.00770558
1.30017e+07,0.969751,0.0151246,0.0151246
1.27938e+07,0.999252,0.000373835,0.000373835
1.25893e+07,0.999182,0.000408865,0.000408865
1.2388e+07,0.990933,0.00453362,0.00453362
1.21899e+07,0.986389,0.00680551,0.00680551
1.1995e+07,0.980059,0.00997047,0.00997047
1.18032e+07,0.999954,2.2857e-05,2.2857e-05
1.16145e+07,0.975113,0.0124433,0.0124433
1.14288e+07,0.976576,0.0117119,0.0117119
1.1246e+07,0.999228,0.00038605,0.00038605
1.10662e+07,0.991678,0.00416121,0.00416121
1.08893e+07,0.999923,3.86762e-05,3.86762e-05
1.07152e+07,0.970113,0.0149435,0.0149435
1.05439e+07,0.969778,0.0151109,0.0151109
1.03753e+07,0.993262,0.00336904,0.00336904
1.02094e+07,0.973334,0.013333,0.013333
1.00462e+07,0.989481,0.00525931,0.00525931
9.88553e+06,0.971989,0.0140054,0.0140054
9.72747e+06,0.970282,0.0148589,0.0148589
9.57194e+06,0.998998,0.000500938,0.000500938
9.4189e+06,0.995429,0.00228559,0.00228559
9.2683e+06,0.984116,0.00794212,0.00794212
9.12011e+06,0.996872,0.00156381,0.00156381
8.97429e+06,0.971656,0.0141718,0.0141718
8.8308e+06,0.988596,0.00570203,0.00570203
8.6896e+06,0.96981,0.0150952,0.0150952
8.55067e+06,0.984584,0.00770823,0.00770823
8.41395e+06,0.969875,0.0150624,0.0150624
8.27942e+06,0.980607,0.00969646,0.00969646
8.14704e+06,0.971965,0.0140173,0.0140173
8.01678e+06,0.972458,0.0137711,0.0137711
7.8886e+06,0.985154,0.00742306,0.00742306
7.76247e+06,0.975558,0.0122211,0.0122211
7.63836e+06,0.997829,0.00108532,0.00108532
7.51623e+06,0.997745,0.00112749,0.00112749
7.39605e+06,0.97666,0.0116701,0.0116701
7.2778e+06,0.990172,0.00491382,0.00491382
7.16143e+06,0.970306,0.0148468,0.0148468
7.04693e+06,0.995596,0.00220178,0.00220178
6.93426e+06,0.990857,0.00457157,0.00457157
6.82339e+06,0.97451,0.0127448,0.0127448
6.71429e+06,0.970591,0.0147047,0.0147047
6.60693e+06,0.974434,0.0127828,0.0127828
6.5013e+06,0.992779,0.00361072,0.00361072
6.39735e+06,0.999545,0.000227356,0.000227356
6.29506e+06,0.985124,0.0074382,0.0074382
6.19441e+06,0.987425,0.00628763,0.00628763
6.09537e+06,0.973621,0.0131893,0.0131893
5.99791e+06,0.985268,0.00736607,0.00736607
5.90201e+06,0.991392,0.00430392,0.00430392
5.80764e+06,0.995914,0.00204306,0.00204306
5.71479e+06,0.993385,0.00330725,0.00330725
5.62341e+06,0.998872,0.00056415,0.00056415
5.5335e+06,0.969888,0.0150561,0.0150561
5.44503e+06,0.989307,0.0053463,0.0053463
5.35797e+06,0.997006,0.00149682,0.00149682
5.2723e+06,0.989269,0.0053653,0.0053653
5.188e+06,0.9698,0.0150999,0.0150999
5.10505e+06,0.999532,0.000233873,0.000233873
5.02343e+06,0.972116,0.0139422,0.0139422
4.94311e+06,0.974714,0.0126429,0.0126429
4.86407e+06,0.981956,0.00902224,0.00902224
4.7863e+06,0.978828,0.0105859,0.0105859
4.70977e+06,0.970334,0.0148331,0.0148331
4.63447e+06,0.979443,0.0102787,0.0102787
4.56037e+06,0.999998,1.07851e-06,1.07851e-06
4.48745e+06,0.974097,0.0129513,0.0129513
4.4157e+06,0.989418,0.00529084,0.00529084
4.3451e+06,0.984723,0.00763827,0.00763827
4.27563e+06,0.982212,0.00889417,0.00889417
4.20727e+06,0.990334,0.00483288,0.00483288
4.14e+06,0.975665,0.0121677,0.0121677
4.0738e+06,0.998698,0.000650814,0.000650814
4.00867e+06,0.970913,0.0145436,0.0145436
3.94457e+06,0.984349,0.00782541,0.00782541
3.8815e+06,0.999659,0.000170552,0.000170552
3.81944e+06,0.997813,0.0010933,0.0010933
3.75837e+06,0.997743,0.00112844,0.00112844
3.69828e+06,0.999324,0.000338195,0.000338195
3.63915e+06,0.976841,0.0115794,0.0115794
3.58096e+06,0.990118,0.00494099,0.00494099
3.52371e+06,0.970143,0.0149284,0.0149284
3.46737e+06,0.97684,0.0115802,0.0115802
3.41193e+06,0.970673,0.0146637,0.0146637
3.35738e+06,0.990013,0.00499364,0.00499364
3.3037e+06,0.970968,0.0145159,0.0145159
3.25087e+06,0.975033,0.0124834,0.0124834
3.1989e+06,0.972956,0.0135221,0.0135221
3.14775e+06,0.991153,0.00442353,0.00442353
3.09742e+06,0.996065,0.00196766,0.00196766
3.04789e+06,0.971124,0.0144382,0.0144382
2.99916e+06,0.99368,0.0031599,0.0031599
2.95121e+06,0.980725,0.00963759,0.00963759
2.90402e+06,0.996325,0.00183736,0.00183736
2.85759e+06,0.999274,0.000363155,0.000363155
2.8119e+06,0.969846,0.015077,0.015077
2.76694e+06,0.972176,0.0139118,0.0139118
2.7227e+06,0.988185,0.00590753,0.00590753
2.67917e+06,0.972159,0.0139205,0.0139205
2.63633e+06,0.989514,0.0052429,0.0052429
2.59418e+06,0.97344,0.0132799,0.0132799
2.5527e+06,0.977839,0.0110805,0.0110805
2.51189e+06,0.972334,0.0138329,0.0138329
2.47172e+06,0.993229,0.00338536,0.00338536
2.4322e+06,0.999978,1.09022e-05,1.09022e-05
2.39332e+06,0.998633,0.000683693,0.000683693
2.35505e+06,0.975364,0.0123178,0.0123178
2.31739e+06,0.992559,0.0037207,0.0037207
2.28034e+06,0.970173,0.0149137,0.0149137
2.24388e+06,0.987557,0.00622161,0.00622161
2.208e+06,0.998429,0.000785383,0.000785383
2.1727e+06,0.999961,1.94275e-05,1.94275e-05
2.13796e+06,0.998812,0.000594066,0.000594066
2.10378e+06,0.996218,0.00189076,0.00189076
2.07014e+06,0.989692,0.00515417,0.00515417
2.03704e+06,0.976263,0.0118686,0.0118686
2.00447e+06,0.972386,0.0138071,0.0138071
1.97242e+06,0.999794,0.000103113,0.000103113
1.94089e+06,0.969949,0.0150255,0.0150255
1.90985e+06,0.983051,0.00847471,0.00847471
1.87932e+06,0.984232,0.00788403,0.00788403
1.84927e+06,0.969936,0.0150318,0.0150318
1.8197e+06,0.997498,0.00125081,0.00125081
1.79061e+06,0.999926,3.70531e-05,3.70531e-05
1.76198e+06,0.977988,0.0110058,0.0110058
1.7338e+06,0.998866,0.000567106,0.000567106
1.70608e+06,0.983604,0.00819799,0.00819799
1.6788e+06,0.999753,0.000123713,0.000123713
1.65196e+06,0.9873,0.00635023,0.00635023
1.62555e+06,0.998722,0.000638948,0.000638948
1.59956e+06,0.970233,0.0148835,0.0148835
1.57398e+06,0.978521,0.0107397,0.0107397
1.54882e+06,0.970294,0.0148531,0.0148531
1.52405e+06,0.993089,0.00345553,0.00345553
1.49968e+06,0.971832,0.0140838,0.0140838
1.47571e+06,0.994343,0.0028284,0.0028284
1.45211e+06,0.999756,0.00012215,0.00012215
1.42889e+06,0.994257,0.00287139,0.00287139
1.40605e+06,0.984881,0.00755953,0.00755953
1.38357e+06,0.972866,0.0135668,0.0135668
1.36144e+06,0.974854,0.0125729,0.0125729
1.33968e+06,0.999969,1.53637e-05,1.53637e-05
1.31826e+06,0.97158,0.0142099,0.0142099
1.29718e+06,0.973456,0.0132718,0.0132718
1.27644e+06,0.969848,0.0150759,0.0150759
1.25603e+06,0.99917,0.000415202,0.000415202
1.23595e+06,0.989988,0.00500591,0.00500591
1.21619e+06,0.995855,0.00207248,0.00207248
1.19674e+06,0.99932,0.000340056,0.000340056
1.17761e+06,0.975661,0.0121695,0.0121695
1.15878e+06,0.9734,0.0133001,0.0133001
1.14025e+06,0.996515,0.00174259,0.00174259
1.12202e+06,0.971766,0.014117,0.014117
1.10408e+06,0.994702,0.00264918,0.00264918
1.08643e+06,0.999933,3.34776e-05,3.34776e-05
1.06905e+06,0.996989,0.00150555,0.00150555
1.05196e+06,0.990625,0.00468766,0.00468766
1.03514e+06,0.977019,0.0114906,0.0114906
1.01859e+06,0.973718,0.0131412,0.0131412
1.00231e+06,0.997519,0.00124036,0.00124036
986279,0.992452,0.003774,0.003774
970510,0.997555,0.0012225,0.0012225
954993,0.973445,0.0132776,0.0132776
939723,0.976581,0.0117097,0.0117097
924698,0.993612,0.00319396,0.00319396
909913,0.999817,9.15794e-05,9.15794e-05
895365,0.989624,0.00518804,0.00518804
881049,0.972711,0.0136446,0.0136446
866962,0.993903,0.00304839,0.00304839
853100,0.986458,0.00677097,0.00677097
839460,0.974368,0.0128162,0.0128162
826038,0.996425,0.00178727,0.00178727
812831,0.986998,0.00650077,0.00650077
799834,0.979475,0.0102625,0.0102625
787046,0.9994,0.000300213,0.000300213
774462,0.976054,0.0119728,0.0119728
762079,0.994868,0.00256582,0.00256582
749894,0.979245,0.0103773,0.0103773
737904,0.988394,0.00580302,0.00580302
726106,0.970113,0.0149435,0.0149435
714496,0.983505,0.00824759,0.00824759
703072,0.998248,0.000876094,0.000876094
691831,0.990468,0.00476622,0.00476622
680769,0.975047,0.0124765,0.0124765
669885,0.975159,0.0124203,0.0124203
659174,0.970125,0.0149373,0.0149373
648634,0.998913,0.000543387,0.000543387
638263,0.985583,0.00720831,0.00720831
628058,0.995742,0.00212919,0.00212919
618016,0.990337,0.00483129,0.00483129
608135,0.972127,0.0139366,0.0139366
598412,0.99945,0.000275179,0.000275179
588844,0.991213,0.00439359,0.00439359
579429,0.994043,0.00297848,0.00297848
570164,0.983427,0.00828637,0.00828637
561048,0.991724,0.00413798,0.00413798
552077,0.980657,0.00967139,0.00967139
543250,0.999832,8.38093e-05,8.38093e-05
534564,0.996112,0.00194385,0.00194385
526017,0.984524,0.00773791,0.00773791
517607,0.969937,0.0150313,0.0150313
509331,0.999514,0.000243195,0.000243195
501187,0.999423,0.000288431,0.000288431
493174,0.972703,0.0136487,0.0136487
485289,0.969888,0.015056,0.015056
477529,0.971139,0.0144304,0.0144304
469894,0.979714,0.0101428,0.0101428
462381,0.982475,0.00876249,0.00876249
454988,0.969867,0.0150667,0.0150667
447713,0.997073,0.0014635,0.0014635
440555,0.984086,0.007957,0.007957
433511,0.995925,0.00203772,0.00203772
426580,0.993123,0.00343872,0.00343872
419759,0.971901,0.0140495,0.0140495
413048,0.969875,0.0150626,0.0150626
406443,0.988315,0.00584263,0.00584263
399945,0.971667,0.0141667,0.0141667
393550,0.998928,0.000535853,0.000535853
387258,0.972526,0.0137369,0.0137369
381066,0.98823,0.00588508,0.00588508
374973,0.973632,0.013184,0.013184
368978,0.973663,0.0131687,0.0131687
363078,0.999715,0.000142655,0.000142655
357273,0.977876,0.011062,0.011062
351560,0.976105,0.0119474,0.0119474
345939,0.995025,0.00248741,0.00248741
340408,0.999775,0.000112315,0.000112315
334965,0.974635,0.0126827,0.0126827
329610,0.970078,0.014961,0.014961
324340,0.976513,0.0117434,0.0117434
319154,0.999601,0.000199287,0.000199287
314051,0.977222,0.0113889,0.0113889
309030,0.999852,7.42137e-05,7.42137e-05
304089,0.995696,0.00215196,0.00215196
299226,0.977953,0.0110235,0.0110235
294442,0.990954,0.00452293,0.00452293
289734,0.991563,0.00421869,0.00421869
285102,0.971876,0.0140622,0.0140622
280543,0.976982,0.0115091,0.0115091
276058,0.97764,0.0111802,0.0111802
271644,0.990211,0.00489446,0.00489446
267301,0.999877,6.15761e-05,6.15761e-05
263027,0.987201,0.00639936,0.00639936
258821,0.978792,0.0106041,0.0106041
254683,0.976604,0.0116982,0.0116982
250611,0.971939,0.0140307,0.0140307
246604,0.986775,0.00661268,0.00661268
242661,0.973927,0.0130363,0.0130363
238781,0.99411,0.00294491,0.00294491
234963,0.99079,0.00460477,0.00460477
231206,0.97805,0.0109751,0.0109751
227510,0.999822,8.91227e-05,8.91227e-05
223872,0.992721,0.00363962,0.00363962
220293,0.972896,0.0135519,0.0135519
216770,0.999634,0.000182906,0.000182906
213304,0.973104,0.0134479,0.0134479
209894,0.988858,0.00557079,0.00557079
206538,0.970795,0.0146028,0.0146028
203236,0.999897,5.14152e-05,5.14152e-05
199986,0.9699,0.0150501,0.0150501
196789,0.973683,0.0131585,0.0131585
193642,0.999835,8.24644e-05,8.24644e-05
190546,0.975633,0.0121836,0.0121836
187499,0.984574,0.00771286,0.00771286
184502,0.975821,0.0120893,0.0120893
181552,0.981766,0.00911718,0.00911718
178649,0.977536,0.0112322,0.0112322
175792,0.995557,0.0022215,0.0022215
172982,0.983464,0.00826779,0.00826779
170216,0.979676,0.0101621,0.0101621
167494,0.999981,9.37496e-06,9.37496e-06
164816,0.989658,0.00517086,0.00517086
162181,0.976643,0.0116783,0.0116783
159588,0.993286,0.00335701,0.00335701
157036,0.995199,0.00240049,0.00240049
154525,0.975234,0.0123832,0.0123832
